# Created by Octave 4.0.0, Fri Apr 13 02:31:51 2018 IST <subh@subham>
# name: res
# type: matrix
# rows: 15
# columns: 3
 0.7991687917614565 0.8145126054964085 0.6974463438271427
 0.09710717106352811 0.1407226201753034 0.1273429096545649
 0.1956089876567337 0.801331469183618 0.7149939862416949
 0.4548382025421435 0.3859650397916799 0.4657847389624231
 0.4968553626338877 0.9589464841840205 0.3609705848751787
 0.8124098600787065 0.5746703033288755 0.8023799439337839
 0.5280291036494738 0.4576637132059054 0.01092615866886619
 0.3208082992470692 0.9418104741569224 0.1488801004243823
 0.7162788409691977 0.8131172929007477 0.2942592161239603
 0.08174971686454462 0.2371348506224853 0.1331786698944024
 0.9331991670636725 0.4765794996767456 0.4262763284101371
 0.9920935190601253 0.1667873230077535 0.2958706673312319
 0.5562197018518251 0.5695676861095152 0.4282065128229589
 0.9777856471343497 0.6080319287977057 0.002811217526076759
 0.3686973292373334 0.513636628667194 0.9768271346390003


